0.482873   0.297069   -0.193459
0.13676   0.456791   0.144567
-0.0644981   -0.330385   0.272343
0.0172864   0.141998   -0.142985
0.226025   -0.42344   0.135712
0.201292   -0.469489   -0.0237758
0.253764   -0.0625116   -0.163024
0.364705   -0.305217   -0.229777
0.33081   0.48896   -0.409995
-0.272423   0.493002   -0.317109
0.287355   0.144667   0.420249
0.0327958   -0.243274   -0.321583
0.355393   -0.147858   -0.448182
-0.117421   0.397084   -0.363854
0.468018   0.162835   -0.225839
-0.0882164   0.277354   0.490374
0.324171   -0.0622093   0.164538
-0.278949   0.301523   0.167054
-0.377315   0.344467   0.0583925
-0.126726   0.206071   0.412508
-0.263108   0.00169832   -0.0375808
-0.288676   -0.0490432   0.0220103
0.164512   -0.32172   0.498798
-0.191445   -0.243062   0.293203
0.392678   -0.225382   -0.208908
-0.497096   0.129593   -0.482998
-0.230647   0.494602   -0.383519
0.398562   0.00961556   -0.233005
-0.481522   -0.006173   -0.267465
-0.245281   -0.31952   -0.127888
0.303848   -0.134587   -0.383084
-0.236464   -0.0974239   0.362568
0.499589   0.413712   0.0676534
-0.130219   -0.041624   -0.014161
-0.0512456   -0.0673018   -0.462412
-0.40461   0.401513   -0.493643
-0.0366716   0.0728514   -0.407129
0.415294   0.205492   -0.490987
-0.290342   0.140431   0.34965
-0.182262   -0.131941   -0.441002
-0.00586153   -0.0584849   -0.324639
0.346181   0.300234   0.401294
-0.172202   -0.386855   0.100082
-0.0921495   -0.136037   0.213557
0.360564   -0.0478984   -0.119239
-0.43441   0.486852   -0.456515
-0.430074   -0.218147   -0.38248
-0.190411   -0.18254   -0.000150954
0.0327046   0.0191009   0.141024
-0.0389675   -0.486474   -0.403146
0.361783   -0.183704   0.47992
0.0590823   -0.43749   -0.340279
0.472953   0.0894076   -0.362507
0.346908   0.130047   -0.439485
0.0786964   0.175436   0.171305
-0.095762   0.492901   -0.482056
-0.379729   0.111968   -0.227954
-0.465608   -0.0685183   0.443425
0.366259   -0.0676528   -0.391137
-0.119386   -0.141623   0.428385
-0.341502   0.247914   0.436179
0.118417   -0.282322   -0.422298
0.0273283   -0.371365   -0.393533
-0.218841   0.173424   0.314908
-0.389059   0.318467   0.46375
0.0680615   -0.184694   0.150012
-0.131417   -0.309823   0.211001
0.179073   0.0634377   -0.375761
0.119234   -0.355932   -0.438555
-0.335692   -0.134251   0.00446748
-0.0622344   -0.254812   -0.103727
-0.0371887   -0.496956   0.101864
0.380907   0.260574   0.460662
-0.234721   -0.311265   0.275106
-0.182987   0.0283318   0.0724883
-0.499072   -0.220287   0.31027
-0.0536918   -0.215245   0.267571
-0.0927212   -0.200975   -0.304205
-0.49115   0.00336304   -0.373101
-0.00742891   -0.159291   -0.476777
0.115301   0.205222   0.0428629
-0.453606   0.0639818   -0.0126941
-0.25445   -0.0350515   -0.342195
0.243568   0.485232   0.440447
0.428861   -0.311185   0.356915
-0.440016   0.344803   0.11449
0.249537   0.0230603   -0.13922
0.441762   0.209979   -0.152584
0.031508   0.113074   0.013003
0.0338588   -0.295113   -0.43025
-0.0141771   0.461271   0.226818
0.294994   -0.440913   0.418345
-0.271307   -0.296751   0.0012846
0.344099   -0.205317   -0.106741
0.495738   0.0468305   -0.469913
0.0256654   -0.297213   0.475089
0.119604   -0.414056   -0.0379962
0.0108018   0.0101015   -0.157837
-0.0899771   0.305964   -0.0597758
-0.137023   -0.281515   -0.345674
0.0807328   0.015881   0.455556
-0.42602   0.309119   0.32229
-0.364372   -0.0344571   -0.0279666
0.402962   0.479067   -0.330603
0.478809   0.316905   -0.1116
-0.109788   0.0252961   -0.417967
0.225037   -0.287283   -0.456775
-0.253588   0.265042   0.398062
