-0.122219   0.127884   -0.30809
0.452882   -0.434286   -0.415147
0.476058   -0.249384   -0.368237
0.133618   0.446568   -0.0524381
0.448929   0.416532   -0.0556291
0.00589794   0.005159   0.365987
-0.181644   0.271176   -0.0775406
0.0284645   0.377307   -0.291018
-0.0288869   0.00630118   0.0846721
0.194634   -0.102028   -0.254033
0.230208   -0.108906   0.194839
-0.0482045   0.228429   0.0383477
-0.275309   -0.27992   -0.479427
0.375226   0.381822   0.415649
0.292892   -0.246738   -0.131776
-0.128812   -0.232553   0.248635
-0.145038   -0.0751311   -0.288354
-0.365866   -0.0309341   0.172879
-0.394357   0.405552   0.216715
-0.14347   0.0983412   -0.200782
0.0470564   0.444543   -0.0641215
-0.0018381   0.149767   -0.174002
-0.270354   -0.277412   -0.353613
0.0041837   0.0651322   -0.0124848
-0.178716   -0.487633   -0.454673
-0.122461   0.299023   0.112995
-0.333501   -0.00876976   -0.44183
-0.474159   0.343081   -0.276849
-0.396103   0.0333553   -0.134843
-0.0401539   -0.160169   -0.276114
-0.229498   -0.0341767   0.364828
0.281799   -0.355771   0.150726
0.416525   0.25626   0.0431204
0.059849   -0.330209   -0.474106
0.487658   0.464568   -0.381576
0.361643   0.0694826   0.41186
-0.215348   0.428066   -0.0786491
-0.277308   -0.181686   -0.24129
-0.459433   0.342864   -0.0206703
0.132164   0.441535   0.492016
0.147059   -0.405078   0.240727
0.0394341   0.477652   -0.259075
-0.168821   -0.0207065   -0.13134
-0.142785   -0.176148   -0.200866
-0.00112683   0.335166   -0.0540707
0.178809   0.166805   -0.402052
-0.103213   0.366632   0.00594478
0.395821   -0.1018   -0.404875
0.0359923   0.109121   -0.437797
0.437888   -0.4205   0.472418
-0.13509   0.162095   0.17121
-0.023073   0.00510023   0.276412
-0.174409   -0.431955   -0.387515
0.035937   0.0466357   -0.101192
0.159484   0.159336   -0.103512
0.234401   -0.423322   0.346134
0.438746   0.260892   0.359593
0.28726   0.437335   0.306612
-0.468625   -0.141639   -0.37507
-0.333515   0.0959421   -0.118775
-0.105937   -0.379159   -0.325453
-0.111605   0.401168   -0.0627041
-0.0382938   -0.48587   -0.192277
0.382275   -0.0863555   -0.0660365
0.00889859   -0.390807   -0.0401009
0.0238934   0.433979   0.339784
0.384017   0.308743   -0.372727
-0.200239   0.396378   -0.34729
-0.0283584   0.321575   0.284292
0.388765   0.412645   -0.146248
-0.0723378   -0.0690919   -0.0361935
-0.387273   -0.359366   -0.315921
0.0177295   -0.388354   -0.163633
0.0717058   0.0395684   -0.379612
0.154297   -0.128731   0.156118
0.132677   -0.33811   0.296886
0.0348212   0.144704   0.472715
0.052426   -0.375307   0.255345
-0.455773   -0.172659   0.046758
0.0635946   0.00121224   0.429538
-0.445208   0.209889   0.371664
0.351647   0.439093   -0.349065
-0.0289781   -0.0500173   -0.233187
0.0365408   0.365318   0.239702
-0.00294309   -0.278144   -0.21253
-0.274644   -0.204143   0.159755
-0.29719   0.312022   -0.238506
0.454219   -0.110525   0.179531
-0.322029   0.251616   0.268263
-0.00217298   0.075867   0.44238
0.327959   -0.0576415   0.360962
0.340209   0.359154   -0.488569
0.195656   0.128307   0.00838678
0.459793   -0.232725   0.409944
0.0203886   0.174344   0.307225
0.279917   -0.485471   -0.0352272
0.0940184   -0.464054   -0.0488204
-0.218299   -0.228903   0.0400336
0.182867   0.448372   -0.419195
0.0482242   0.245886   0.274441
-0.387024   0.492315   0.0510212
-0.275474   0.339352   0.364706
-0.431762   0.368652   0.156437
-0.384603   0.19385   -0.47995
-0.331266   -0.047402   -0.366494
-0.489904   0.318038   -0.429961
0.417334   -0.395705   0.21647
0.225439   -0.348508   0.439575
